[Normal]
NumPoints=4,4,4,4,4
PointList=5,0 270,0 270,116 5,116 3,1 272,1 272,115 3,115 2,2 273,2 273,114 2,114 1,3 274,3 274,113 1,113 0,5 275,5 275,111 0,111

[WindowShade]
NumPoints=4,4,4,4,4
PointList=5,0 270,0 270,116 5,116 3,1 272,1 272,115 3,115 2,2 273,2 273,114 2,114 1,3 274,3 274,113 1,113 0,5 275,5 275,111 0,111

[Equalizer]
NumPoints=4,4,4,4,4
PointList=5,0 270,0 270,116 5,116 3,1 272,1 272,115 3,115 2,2 273,2 273,114 2,114 1,3 274,3 274,113 1,113 0,5 275,5 275,111 0,111

[EqualizerWS]
NumPoints=4,4,4,4,4
PointList=5,0 270,0 270,116 5,116 3,1 272,1 272,115 3,115 2,2 273,2 273,114 2,114 1,3 274,3 274,113 1,113 0,5 275,5 275,111 0,111
